
100,0.00143, 1.40



100, 0.00038 , 5.26



200,0.01204, 1.33



200, 0.00366 , 4.37



300,0.02585, 2.09



300, 0.00563 , 9.59



400,0.05987, 2.14



400, 0.01230 , 10.40



500,0.11641, 2.15



500, 0.02377 , 10.52



600,0.20209, 2.14



600, 0.04059 , 10.64



700,0.32882, 2.09



700, 0.06719 , 10.21



800,0.50898, 2.01



800, 0.09248 , 11.07



900,0.74817, 1.95



900, 0.14993 , 9.72



1000,1.96882, 1.02



1000, 0.22582 , 8.86



1100,1.62896, 1.63



1100, 0.35198 , 7.56



1200,2.23397, 1.55



1200, 0.48912 , 7.07



1300,4.24344, 1.04



1300, 0.65619 , 6.70



1400,4.35238, 1.26



1400, 0.84685 , 6.48



1500,8.37064, 0.81



1500, 1.10321 , 6.12



1600,14.69167, 0.56



1600, 1.36297 , 6.01



1700,20.63182, 0.48



1700, 1.64695 , 5.97



1800,28.13943, 0.41



1800, 1.93514 , 6.03



1900,39.98336, 0.34



1900, 2.29824 , 5.97


