
100,0.00137, 1.46

100, 0.00060 , 3.34

200,0.01210, 1.32

200, 0.00523 , 3.06

300,0.03864, 1.40

300, 0.01623 , 3.33

400,0.06010, 2.13

400, 0.01798 , 7.12

500,0.11664, 2.14

500, 0.03481 , 7.18

600,0.20381, 2.12

600, 0.06263 , 6.90

700,0.33041, 2.08

700, 0.10570 , 6.49

800,0.52518, 1.95

800, 0.15759 , 6.50

900,0.76375, 1.91

900, 0.24172 , 6.03

1000,1.64252, 1.22

1000, 0.36402 , 5.49

1100,1.71229, 1.55

1100, 0.58182 , 4.58

1200,2.81113, 1.23

1200, 0.80295 , 4.30

1300,4.25464, 1.03

1300, 1.13342 , 3.88

1400,4.50266, 1.22

1400, 1.40087 , 3.92

1500,7.77451, 0.87

1500, 1.82144 , 3.71

1600,14.86285, 0.55

1600, 2.27452 , 3.60

1700,21.13654, 0.46

1700, 2.71421 , 3.62

1800,29.09041, 0.40

1800, 3.23012 , 3.61

1900,40.07249, 0.34

1900, 3.83383 , 3.58

2000,42.97004, 0.37

2000, 4.48994 , 3.56
