
100,0.00115, 1.74

100, 0.00097 , 2.06

200,0.01240, 1.29

200, 0.01015 , 1.58

300,0.04115, 1.31

300, 0.02067 , 2.61

400,0.06288, 2.04

400, 0.04477 , 2.86

500,0.11651, 2.15

500, 0.08060 , 3.10

600,0.20346, 2.12

600, 0.14155 , 3.05

700,0.33782, 2.03

700, 0.39059 , 1.76

800,0.52593, 1.95

800, 1.77397 , 0.58

900,0.76740, 1.90

900, 3.91888 , 0.37

1000,1.60838, 1.24

1000, 5.51308 , 0.36

1100,1.64512, 1.62

1100, 8.47944 , 0.31

1200,2.60250, 1.33

1200, 11.56323 , 0.30

1300,4.20253, 1.05

1300, 14.77360 , 0.30

1400,4.72481, 1.16

1400, 19.10166 , 0.29

1500,7.58466, 0.89

1500, 23.35862 , 0.29

1600,14.69429, 0.56

1600, 28.05529 , 0.29

1700,20.82591, 0.47

1700, 34.45930 , 0.29

1800,29.01281, 0.40

1800, 41.30952 , 0.28

1900,40.12136, 0.34

1900, 49.15274 , 0.28

2000,43.22372, 0.37

2000, 57.66559 , 0.28