
100,0.00141, 1.42

100, 0.00038 , 5.25

200,0.01235, 1.30

200, 0.00326 , 4.91

300,0.04092, 1.32

300, 0.01084 , 4.98

400,0.06013, 2.13

400, 0.01099 , 11.64

500,0.11883, 2.10

500, 0.02126 , 11.76

600,0.20288, 2.13

600, 0.03681 , 11.74

700,0.32914, 2.08

700, 0.05789 , 11.85

800,0.52339, 1.96

800, 0.09049 , 11.32

900,0.75439, 1.93

900, 0.13603 , 10.72

1000,2.04019, 0.98

1000, 0.22551 , 8.87

1100,1.95340, 1.36

1100, 0.38179 , 6.97

1200,2.32776, 1.48

1200, 0.47318 , 7.30

1300,4.79554, 0.92

1300, 0.64517 , 6.81

1400,4.40523, 1.25

1400, 0.86367 , 6.35

1500,7.51342, 0.90

1500, 1.05564 , 6.39

1600,14.98679, 0.55

1600, 1.33994 , 6.11

1700,21.13530, 0.46

1700, 1.66800 , 5.89

1800,28.56115, 0.41

1800, 1.92025 , 6.07

1900,40.13689, 0.34

1900, 2.36122 , 5.81

2000,43.71180, 0.37

2000, 2.78151 , 5.75
