
100,0.00140, 1.43

100, 0.00104 , 1.92

200,0.01238, 1.29

200, 0.01003 , 1.60

300,0.03902, 1.38

300, 0.02177 , 2.48

400,0.06021, 2.13

400, 0.04271 , 3.00

500,0.11997, 2.08

500, 0.08088 , 3.09

600,0.20297, 2.13

600, 0.14214 , 3.04

700,0.34650, 1.98

700, 0.37999 , 1.81

800,0.52382, 1.95

800, 1.78775 , 0.57

900,0.78941, 1.85

900, 3.88512 , 0.38

1000,1.74603, 1.15

1000, 5.56728 , 0.36

1100,1.69077, 1.57

1100, 8.32266 , 0.32

1200,2.28758, 1.51

1200, 11.48977 , 0.30

1300,4.52074, 0.97

1300, 14.73218 , 0.30

1400,4.17941, 1.31

1400, 19.00814 , 0.29

1500,8.36483, 0.81

1500, 23.26219 , 0.29

1600,15.03589, 0.54

1600, 28.07375 , 0.29

1700,20.69666, 0.47

1700, 34.48015 , 0.28

1800,28.98877, 0.40

1800, 41.21534 , 0.28

1900,40.26943, 0.34

1900, 49.01719 , 0.28

2000,43.87515, 0.36

2000, 57.44397 , 0.28
