
100,0.00144, 1.39



100, 0.00132 , 1.52



200,0.01220, 1.31



200, 0.00086 , 18.60



300,0.03831, 1.41



300, 0.00046 , 116.88



400,0.06131, 2.09



400, 0.00156 , 81.79



500,0.12300, 2.03



500, 0.00189 , 132.00



600,0.20338, 2.12



600, 0.00408 , 105.78



700,0.36251, 1.89



700, 0.00485 , 141.30



800,0.56359, 1.82



800, 0.01442 , 71.03



900,0.84284, 1.73



900, 0.00855 , 170.55



1000,1.87180, 1.07



1000, 0.00749 , 267.13



1100,1.73353, 1.54



1100, 0.01230 , 216.51



1200,2.41555, 1.43



1200, 0.01468 , 235.45



1300,4.64803, 0.95



1300, 0.01706 , 257.59



1400,4.42985, 1.24



1400, 0.02316 , 236.94



1500,8.99573, 0.75



1500, 0.02939 , 229.65



1600,15.35071, 0.53



1600, 0.04795 , 170.85



1700,21.22781, 0.46



1700, 0.03690 , 266.27



1800,28.66434, 0.41



1800, 0.04487 , 259.95



1900,40.01072, 0.34



1900, 0.04805 , 285.49


