
100,0.00139, 1.43



100, 0.00118 , 1.69



200,0.01182, 1.35



200, 0.00085 , 18.85



300,0.04007, 1.35



300, 0.00047 , 113.92



400,0.06135, 2.09



400, 0.00149 , 85.85



500,0.11745, 2.13



500, 0.00212 , 117.92



600,0.20474, 2.11



600, 0.00293 , 147.64



700,0.34302, 2.00



700, 0.00435 , 157.85



800,0.51238, 2.00



800, 0.00438 , 233.58



900,0.81506, 1.79



900, 0.00785 , 185.80



1000,1.87616, 1.07



1000, 0.00936 , 213.72



1100,1.68089, 1.58



1100, 0.01316 , 202.31



1200,2.57831, 1.34



1200, 0.01231 , 280.72



1300,3.93389, 1.12



1300, 0.01709 , 257.03



1400,4.61882, 1.19



1400, 0.02096 , 261.89



1500,7.32319, 0.92



1500, 0.02674 , 252.44



1600,14.74538, 0.56



1600, 0.03047 , 268.84



1700,21.02968, 0.47



1700, 0.04276 , 229.80



1800,29.02733, 0.40



1800, 0.04507 , 258.80



1900,40.00581, 0.34



1900, 0.04953 , 276.95


