
100,0.00133, 1.51



100, 0.00123 , 1.63



200,0.01214, 1.32



200, 0.00084 , 18.98



300,0.03943, 1.37



300, 0.00043 , 125.58



400,0.06053, 2.11



400, 0.00133 , 96.10



500,0.11820, 2.12



500, 0.00209 , 119.73



600,0.20337, 2.12



600, 0.00249 , 173.29



700,0.32570, 2.11



700, 0.00301 , 227.91



800,0.50682, 2.02



800, 0.00521 , 196.47



900,0.77069, 1.89



900, 0.00661 , 220.61



1000,1.91597, 1.04



1000, 0.00835 , 239.49



1100,1.67019, 1.59



1100, 0.01074 , 247.90



1200,2.32208, 1.49



1200, 0.01647 , 209.86



1300,4.79904, 0.92



1300, 0.02194 , 200.24



1400,4.77717, 1.15



1400, 0.02590 , 211.93



1500,7.94369, 0.85



1500, 0.02836 , 238.01



1600,15.09466, 0.54



1600, 0.03223 , 254.15



1700,20.74804, 0.47



1700, 0.03796 , 258.82



1800,29.32421, 0.40



1800, 0.04270 , 273.16



1900,39.74536, 0.35



1900, 0.04882 , 280.99


