
100,0.00109, 1.84

100,0.00043, 4.69



200,0.01077, 1.49

200,0.00488, 3.28



300,0.04073, 1.33

300,0.01571, 3.44



400,0.06112, 2.09

400,0.02007, 6.38



500,0.11726, 2.13

500,0.04034, 6.20



600,0.20326, 2.13

600,0.07848, 5.50



700,0.33295, 2.06

700,0.11914, 5.76



800,0.53146, 1.93

800,0.20126, 5.09



900,0.78300, 1.86

900,0.34344, 4.25



1000,1.87769, 1.07

1000,0.58524, 3.42



1100,1.98377, 1.34

1100,0.85616, 3.11



1200,2.85880, 1.21

1200,1.05104, 3.29



1300,4.54729, 0.97

1300,1.55783, 2.82



1400,4.66210, 1.18

1400,1.84176, 2.98



1500,7.75723, 0.87

1500,2.51017, 2.69



1600,14.75656, 0.56

1600,3.30122, 2.48



1700,20.90755, 0.47

1700,4.38052, 2.24



1800,29.41845, 0.40

1800,4.95693, 2.35



1900,40.53936, 0.34

1900,6.05752, 2.26



2000,43.41311, 0.37

2000,7.03434, 2.27


